2681088
4082700
13359711
14520022
3226591
12421466
15724966
12648620
6501396
3516393
4904151
8274733
12728777
9737373
1945467
3087983
12201256
11259446
13918095
2974825
6715634
12773455
14237722
8371351
8151123
13481080
10708427
2165998
11729576
13960627
9860559
6200486
4760144
12195250
7083714
15502990
9731347
12080590
10299037
1427243
797789
8800667
4383480
4504622
1741195
11855636
8996374
13851815
5590427
3601174
15038078
1599662
5544963
12947626
11957226
6730346
16659709
7635174
6917799
6831574
16372839
12695779
12241266
7454445
14425705
7433471
14441747
662443
13574723
11241000
13188069
13123267
2581795
11585640
15265181
11890137
13621915
7895789
13526138
3379361
11183393
7795483
16562212
11752089
198467
13723374
15919930
4000908
5778532
2384070
993966
1510353
4845213
10826071
3091629
5672895
9798893
2555102
12291032
7012545
1970704
13256960
8388146
9313357
710514
401910
661785
3838971
444705
12222834
8302633
10862864
13061739
10824123
12040142
5324553
13827704
969948
14325953
2524140
11040910
3234956
13955982
3785340
2778043
7576734
10259858
5357054
8450399
14776586
15161282
10405549
8040606
15711145
15384013
9584302
2903534
9645476
12416503
10684176
14627056
7352133
6773303
16621637
15954774
1552242
14032368
4591439
4392214
2233475
2778027
2129419
11998244
5380959
16150510
2076420
2426825
11635187
13685863
504178
3283265
8814587
8946985
10589795
16337771
2784986
2171859
221542
5714544
7950330
355831
15993742
7311579
1555076
450569
427075
4043276
15109806
14104740
4609523
1702175
12425198
3195859
15104652
1060629
5261697
13539176
2447992
1934016
3984231
9718624
2923993
12922924
3072720
5869446
1110200
566062
14422365
12146029
15926558
14506400
10048530
11230988
14464813
10714134
7200509
15718930
152774
1785887
11656889
1669667
1022347
14601209
464592
1125374
8664768
6625579
6726847
11805827
8116753
16566503
8740109
12555356
8457201
5245424
14373692
12631794
15481904
1938357
979129
13788429
3378738
5229716
4287237
3302484
6679609
13623699
14739540
12048523
12611409
12045221
14009515
16704835
15068539
16243022
5200431
9519644
16287537
12233390
13479643
16422069
6567293
3666223
13980199
1125537
9296004
1997487
16021363
3320735
8267975
6805950
4358111
14160301
7641404
2789483
3756376
675095
5630681
4469082
3949108
12799542
11239736
6298192
13064784
11626481
7594186
15784934
12656146
976255
10086189
13118203
16123382
10409561
5890864
9267598
575570
2850454
10791283
6616311
746517
5254998
12184000
14743252
8106964
11719686
7243172
1338342
12950117
13091266
13400157
7167975
757366
10848529
5724078
8545939
15563540
13378480
6669035
8421511
5783849
16384792
8633942
2077983
15426304
1352876
12147369
12028254
4120754
6324611
11131079
13264353
7044120
6472944
13583728
5780266
14124640
13187538
5518888
1157897
1515981
12490469
9608330
1558407
4866387
6928666
2074065
14908083
9467637
11445266
7683720
11835081
11942525
8861621
12409898
9509498
6897186
12816846
6012102
5472694
1883931
10872651
2151862
5525290
702137
9459159
4094730
14859641
4730554
6262529
3671911
3989683
9937627
7949867
9893094
3073970
12895113
5899527
4636853
6916588
5090154
12911412
3820110
14278652
6608157
13910075
8235407
6177618
1579305
11845301
10261001
10595271
15961923
4904996
16251828
3022673
2706276
6387069
327273
5564635
14819375
13030651
13696115
8431164
12613114
10929497
2989572
10355304
12196494
12561665
1790319
247688
10486349
6552639
5402556
9075708
14561730
4929507
1085538
9964920
8155125
13910324
6725351
10499384
8163304
14564444
11329404
14469044
5751712
723677
6687201
886951
6147796
15992794
2957656
13719823
12743704
15668041
7779023
12228495
3610293
2046821
10222885
4045822
16013007
10742749
6514667
7336977
724614
8365174
15014147
5417179
1330913
7419885
10669590
15149697
7742465
14586891
1577503
5345447
3961598
288754
12846597
13265485
1522224
14725541
11805608
6936139
11141145
3052263
8937944
12435018
11536224
6275961
3015445
15685641
13025371
13745849
7081565
3924937
8410248
4083848
4931034
684587
1347379
5737554
11284692
14868297
14215653
9329878
9656845
5057431
10966274
6737717
903031
15265073
4472294
5098380
3088650
8533080
7091776
9575468
12556447
13851738
6419754
8531503
12832933
9356748
5096328
14470651
15509959
4866006
3992475
2159541
3831023
13781875
6601091
1991330
3020087
14005441
16504955
9307561
15032868
12321568
8081680
9791259
3842739
9156744
12363876
5893414
1223621
1407625
6308248
3369752
13649124
3816311
14311952
4035804
2394987
10024934
3434755
5548481
6916830
8010473
2282482
4761821
14413673
13136563
4099630
1456097
16200313
3292672
3564132
11432050
6676152
6736173
14017624
11180941
7230938
3968822
14751628
7981483
13108552
1529522
10999654
8434868
404461
15465645
5672866
1812981
9933119
11400851
14826106
6934944
11731236
11847822
14845386
11285088
2985766
3855997
16135100
6663640
5434178
12370526
8101674
7930333
15280291
8274706
1454531
3403112
2082944
8208806
1940324
4193073
5541565
12112075
383122
2648584
3495893
7072184
4541229
9449422
11988543
12577478
13772172
8543004
10069424
10862086
12687131
8457304
3969596
1697940
8391502
13501710
3646964
1121747
8616549
15613715
151118
9917353
1734621
11481079
14131575
13286825
8724156
8330216
14053264
2817160
9836818
14035225
15669978
500833
10239971
9076049
11258084
15198022
7029934
13338149
6421504
2396456
11511612
3689690
10417296
2944643
731915
9979078
735993
14286671
14346480
653681
15243969
8143724
6483139
6304878
1290905
9256016
1873378
5057877
8614396
5548275
740695
7461862
6334628
4371416
6278927
16126144
8242181
6123465
15765023
6111124
9988289
13350200
4886679
10113579
8423255
8441916
6127241
2625785
4618509
8422680
8528910
6817865
13472426
6440595
7405582
14148457
10500759
7900618
2552645
5459342
7280023
2231821
12066235
2884963
6178199
13234193
14839353
12791914
14833385
507409
288973
6066596
12222107
5215686
3334225
8273665
13942443
10249396
5803327
12267094
10010507
8730408
7989914
12751002
13395819
147761
16122558
14533733
3013829
14910269
2548266
178810
13293535
12417126
2777064
670838
3804185
7850783
5409625
14195054
1645396
3785990
2041669
11797108
3186941
15347591
4559862
9323712
3814673
15809663
2221801
14201911
16428730
4808580
14338096
9362127
4055080
903500
5780777
979773
5648098
9402024
15550289
1581829
373445
6156988
9270858
5297392
12273635
14842004
15464188
9256049
3805580
782806
11757727
13426812
1768685
10110774
3022118
11647921
15656202
1436267
8402426
14216357
3862038
9814173
14901853
6010488
12433617
9135870
15809251
13206439
13712618
5697718
5474211
149093
4444475
16706964
10278262
5944973
14247753
979670
8770678
985183
10672747
13544203
4939625
13663501
8181710
7552619
13871935
9046337
8788122
3197467
15202311
2417230
7604384
8366506
8440773
7105547
8943406
9507468
11990189
15946415
3498717
5926051
16422112
9888080
13859260
11920599
6926234
5530095
10453640
9952899
12324876
4703011
14018411
3181998
3145362
16143565
3617840
11830905
3062542
8868925
10555094
3949734
11459632
9608325
941861
1272068
14015831
736408
8828394
14282887
9551969
15550003
12721293
1587729
13221962
11331896
16002779
15401841
10012134
6628247
13334804
609221
7559965
12513382
6594735
6907998
2952280
6039090
5360794
766282
14937205
1836816
7034739
7705393
15386512
8194362
10170512
5577856
4756849
946062
11593123
13126628
1515227
6552159
14248809
15760617
6837072
202124
8848847
2999528
9396216
12547300
10855648
10900918
306771
15582793
5996815
2552940
13966131
14480894
2581592
8134717
6233625
8396793
2614349
10026893
9011109
15504634
4175920
1630159
7896337
2158193
3179505
4115992
245738
6217003
7598669
11160373
6876729
243438
2437886
15766779
420171
1936144
8659885
6660020
11489739
9318435
12265512
8277244
14444736
8782266
14184006
9392380
10735377
10178381
7065847
5939919
391873
8351976
16343561
1923288
13177601
3894935
12568695
14415161
783415
2275282
3598151
5302522
9284821
15260788
1952905
14970175
9090208
1774631
9090642
6140100
13527876
6414136
7430755
9643033
15966897
16293942
10684826
2017375
10339981
7922608
8380483
10396144
5527151
6719164
7738653
369171
14236926
14231783
14731241
2410516
7439666
5285460
10410857
1581592
10883363
11912928
14009049
3502264
7824748
729609
1979918
5909737
3871305
16148862
5318405
5354969
12423601
7475200
8082611
5806918
3604872
14451794
6270932
16377958
8221672
1972924
12555192
10064613
8175339
7020431
4525341
15845451
15463171
14187759
12605587
10928675
9155583
8169949
1249065
5866870
13074242
10830690
8822736
16051332
7596638
14906959
10128440
13531509
4762203
12596195
9115109
8099183
13756013
7649579
14786978
15491268
6109814
4266936
8188351
14771713
11581432
7664071
174103
15016564
6035566
3251097
1529150
5909057
12237777
9419583
9967638
14937139
6921025
2804392
5551492
13234604
738090
16120110
8630554
13537379
9929756
14302562
16628290
12058205
11189961
1589557
9075597
6138705
1343462
1057033
991479
8895930
1451472
16137608
1291024
1907760
12858565
5320576
15367753
15336706
858422
299064
12995622
13686253
7259007
6374164
15218013
3095436
12369574
14908026
4300230
14807927
12400165
7226676
10857064
13237289
8484595
11089581
7716070
14242472
10852082
1513100
3117910
1115755
5729733
8621900
9653640
14139467
2317267
16704133
14112453
1513539
362922
575642
8843863
13629313
11891829
988067
12691238
489410
14253383
15494707
1841506
11296253
16423507
16568769
15463758
12620903
3318715
1245512
15968764
1670737
4621229
8689306
8647501
6633161
2223098
9428933
4525390
8702166
8342469
15005877
13905345
11154691
4808763
10291217
2568362
1776458
7980137
4804622
15908743
2527667
5885996
16554159
357930
12973777
7566881
740252
10965263
7883514
10669587
13375093
4722086
3613537
13358575
11006475
10613267
3075653
428178
8495004
14017934
10012483
14264601
14998472
6351381
9061699
11146285
2309468
9849008
4174012
5222624
4044744
5790042
12656625
3633478
12747097
3494779
12892034
14977419
12607489
3502515
4480760
9503934
9602966
16691409
3846928
14363072
1369642
666608
8188260
14963419
15749423
7832540
14584449
6135947
4396190
4041776
2127842
5346731
3880847
9374229
8018430
1217028
14017270
16057580
7581581
8864138
4125552
4937188
14651752
16352260
11751762
7583233
4957567
12039163
10378814
8685579
5654364
3427784
15597754
9642639
4654110
5513848
10989640
2564929
10208027
6090491
897719
4212194
12552823
8677489
9210186
1669932
358279
3847185
13802868
1781075
5172605
13339926
5082298
7525675
12079301
10215258
1914253
1059400
1442453
14205742
575082
4232975
7097759
11407284
15380970
14241090
3351098
8011409
13985757
5035333
1434959
10833760
5775793
12027946
8466733
9340025
14334455
16234365
15184318
2496197
12611525
10998708
8629744
251235
11229771
1081437
12664283
14131365
2564815
10477864
12943362
2095250
11994815
15567443
5484334
7188138
6949973
1130325
3675560
15928057
153036
1720574
16402733
10047154
12152007
15296255
16686241
4193447
16172294
8717388
14123150
12931782
6444570
1892498
1692077
15802733
15762232
7141339
13204496
13827893
12732878
2204258
9306672
6071007
7751366
9635473
6060021
11662256
4272893
13689940
9071325
2866017
3038355
2611224
3442867
9799121
9695304
2159391
9772477
9071477
714535
6036269
8565001
4433170
16491846
12978967
3213679
3396579
393562
15818082
2565889
4714876
8715859
3796901
13146880
11110649
9642793
9678421
9960210
14872598
11564359
6607451
6210354
11537534
12436240
14647782
8657897
2701690
10713365
13445595
8513428
12723612
11909515
8366727
15395073
467052
1187264
12146277
6321987
7997262
9070595
6216220
16526758
958455
634294
14507861
5208749
14688157
10751979
7789958
6387058
4284906
137465
16036449
16024892
1180475
9380413
2997354
10236666
9658411
6083102
4954847
8646462
15872710
9935642
5901351
4466853
11666628
16460954
15475931
10235359
9924674
13154497
8788646
3337063
3784225
6341470
12864859
7700131
7472394
14518441
13048569
10628717
12631644
4444722
4439685
8514349
11055581
13164777
14955362
446037
1773075
9158621
10740738
6482356
13896756
9922482
2175432
12601883
9190567
16603776
1433959
3247619
12305796
9192980
1556770
7700286
3918169
949047
3072497
4349534
1688239
8851155
10502131
6428254
10543661
12708202
4347479
5926696
15795000
15547766
8703318
7345350
10372860
12872147
16450323
15230891
14688621
10059108
2344864
16285470
13369509
3205299
11615953
5079506
7646781
8037424
14732607
15655121
9842129
16753204
8679018
5142085
15586521
16774632
5789119
779080
1861661
10030954
3385638
16422311
13601748
10216853
11153056
14608274
669242
1520130
490912
13766514
140012
397230
8031471
4181147
6332615
14457863
13569283
10458672
14956065
6858674
2619976
1356684
10310007
2376903
5185539
14364805
5699672
15531444
13904179
16362344
13673812
15851340
11695693
6297039
6054172
9313282
13939324
4174994
16764051
8911466
1531591
2618572
6034118
10733752
10412677
8094794
9860080
13088217
16753754
8712733
12634014
2323043
7148333
972733
12616934
15420254
16320685
10161136
4898355
15448714
431166
13303255
6048718
7540342
3793789
2318287
11007626
5401663
15391249
13534804
7062576
14801032
4262653
9047759
12393308
6142095
6524756
834635
3861841
14162709
517871
4467726
8498181
3313135
5454991
5618101
15129166
7865568
16088535
10502356
8480079
7261057
16612725
14907685
9417418
4803218
9529610
16220479
393426
3730514
405889
16208433
4262532
4208331
1305055
16239549
2173957
4690530
13810423
2213060
10082257
11643174
11982819
14482768
5575096
1578146
15807697
14573279
5628512
11575080
11128127
852957
16120350
2612911
3902879
12902388
15189299
6931857
12899382
16082804
4284175
16583806
16362223
16614507
2396217
14836760
6546941
8045278
13523895
9516991
8003139
2005882
16430970
11647230
9357486
15651677
5150807
8513575
4098589
7418075
10440509
16420224
12076982
14837484
4963401
9601894
8756032
10070931
10786317
7630753
16605056
2850790
6687215
11400449
3829649
1428043
5340959
14455104
11584162
4424804
10817975
13275595
9071053
7822703
16601319
14274568
8330343
2309950
5464807
16578111
15386229
9864865
2915678
15457569
2138615
10016758
8637020
1624689
314403
8854687
957155
12508971
14344428
571011
7604447
4092369
6301368
5446203
5428759
16071807
10110885
12683071
15594565
16693379
7266940
9811583
6837930
2260778
7184659
11354848
4370439
10193795
6132157
11922325
12509827
9074600
11053927
13188574
10883955
4371534
15101165
4180376
7048238
976592
12324434
1954322
9989428
6253655
1553117
653795
355067
6425334
15352624
2700540
6331716
2975734
3945491
3690232
14761153
11366336
15236846
6978680
14284817
1160217
1362375
13051048
9986719
9720731
3169003
10859346
11701990
9661801
4488864
5483395
2616262
7330148
8443815
10759818
6509405
1045288
12149934
16319042
6771344
12390443
12280211
14357410
11539691
9552767
9009592
13842234
2109945
7839380
9813436
16199639
14520655
13675126
2461791
2880369
9865923
5608156
4075949
9363368
7977460
7428187
9173549
13019264
10105164
13073388
4052813
6215024
7727625
6016966
4039706
15704528
12299885
13992831
2743049
5967243
4985454
5859075
3308682
8278353
15941472
14075106
13197327
7482831
15784483
