3133322312313332336153233333232281412234221222433272332313372222212233114622232233232321251122522243
3122243233322223222333513239233621333333523352333332361333233332142327423622333222313333242321112633
4453322423234323362634238645943333332463321659433346534324232461344544333233244323632243313334262243
6448895538826857235274976247543575444367645757464434697575874665478695238342662743886877975373645693
1134322241232322332224331133221412522322512233243421322616252222333223234632221323236212122235222232
4479242568986515346653123325247575265256582134963244533552224424124932962555334232534326255446632228
4426412316324254531114425464123214136311441166652543321621464654422165654455166414253156226642564789
5534943265545533146737249872452756665433166617813432253534268559555562632512417473647255444385366543
2221332232313335223223326323322224151322223433133252223132133333322233214222322312232523263323423153
1155555265656565945445445515455565444244558495552543595233253554355543555166554543534544555656645543
5375486865865543646375445844234147342565375934762358696736345227447645746233234765477442546863537543
6377523531453435443574315246554564646533255523533634533446327354552235123544256343543443365343544511
2422254262221214222343113222324222333329322249243446644483212142441542442142772223232574324424181222
3224333232343284522635562216535334233333536453225622315363634232432466373433543323243533423284256324
4432415264423343424524442424742353234444345363444422353244434443343332333546444335242244627424244243
7767456236539425625242747855734379453334633444259221833233727325141263383682327576726881586533226355
3343333333246334333333263333323433324132433343332433532132343325334212233133634336333234323332432315
2545646456545665546554557642556656266463445455556567566554626345676354456627654646455474646644665564
2433322122222373442324254224352332243332344233312212352211234232225222332233223224342225222274113431
1223422644542352452322244433123652524124232425213252533524232534322314254452515244242714442534236535
7436355442424144524648655572983555456553857475342849745533523555546973473555554944447583517666354456
3354332343233333452257333931333223233335144343942363333543125533424231253335233434333343625642342632
3647245432355223452345235453444454556385447243713344435475324247366313427577347544434475354531354524
4314134344421241423142421243322114312343414231231414312224131424313323421144233232133431142343256789
2222111212322211222112132213222212222222132221132222222123322131122222212222231122232232221311222324
2424173245432343439465475433352422232321126342412321321435225432122533311335433362254314243332232463
5432844335323357331133233332533333327333313334233352412333333233365332145242434323532233181231535233
1122222324224222222621224242213424221425222222232225523221252242222422222223273621423422222722122323
3743645335445453868636766323672563545876934124483636326664252554379555153588677644765253523733987369
5357445367737667464565657347567552566686446856726214455772537522723666354383457331466626922574666357
3333934435333143333423333233233333334223233373434323311312334242133323367353434543333332624432323323
4685698384447433555446379545435874726526559232776446567445196374345785664753345546553862439481975585
2212223222212332231232222132163221132622232212133122221222122222612322122222222223212222226312322421
5645463571423453464433469435453344796455674543332563556133146515444546844326644423846514542342333534
5233343336233633224232332226113236322312215233353333333233323225343322343233343332224333623344323535
2342227243452224224445323223453342338712363445723133323442333424337633477313342332344444423433231443
2322646222222622122328223598236932644822522322621822682225749223422722223295431517222264613228152266
3445337447457232452444444394435382372764533466433734666743653344444157847767544663564445646846443757
2345347254535445132343932232422424544332455215333234424312533544211549233443734343253222443234332442
3634423344236444353464244134443345441224432333244241544141436324533444442354254344342534242424432523
7231332334535312223652264335534314334339453253542133461336312553283783443222363334331323822343232336
4221531424224412332642233238323432423633612512612225323826323434223312553323464335223261346234222215
4852321327577233324223658814222972473235384575471636527421366343326547673464274328261632225124477363
4342434343136343441515223132333547653332527353453324142334635833314333521334343335833223275643443343
6232446431323244223342517443462442213564321235238323512333422223942532333314333533336445328333133313
4211222542621142332222526522264413212222222226235234262421412272422322222253315344224223111225352522
2331223232322433333332333355634234333331363332222242333322235232433333122323333333331275323333341322
2322522335333232118153272322334212233352323326222152533234523222322333853271235332224362522212223347
2321343321133234211232413223232232221222234222212222133232353333333233323332232341322322312222314232
4344543344434612415344744444334354334344433433443443334333434362442126412324434934444323343322533233
5643658557246447555486543355346775386523277657558583745333466455764754463595556546563568576565747415
4552242557446235454434454445323325544455552562564444654723532555754514513453455555524444555443355454
1322322227621133332121229623644292425743422847369633622414544923322264223222229451322343322282245422
3244443141414423334433521233353243444553236742616135424651457174227443324483447653434435493443352814
2332223456283243422565442411734626213212333322325345523122422222371255521233354282314243212222346811
2363353334438332753485332283432143844634134442235314333384332534411233538127123239559335324525173367
2233233235323213323132223232332232621212413332243333221332262343222325233233332322232321322733333533
2231262835222374325232237412434734246872142222265422343242152342423432436121422253232122126267228124
1617167414613376433741444343412452466424234322622744322463534122616275543323335313246433145323634344
5441422332252342442332233334339332433235422344223323424333371413343368215245423533624433223433224424
5534454447443434664553364454363373732666955334475424343455425356554543445373545445245366445534436457
2222222322332223313223222233343232342213323122225322132323323122322322212224312123334213224233112122
9444357435334337357253725853774787427781646153537837242484337664753556284673879345232837794643776362
3342224442222181242514542211552421273421221222222242542122262112533512423221252264622254256333422222
2453731182222236429123338923242731234422523223344333428262421262434223333123925274944122752262893652
7949675436668479445173944387468424444569538485763648466358543449982534369694559465844889937793478483
7525897989956253492876668653639333498484589824962736766226854174794787349995765998753465867748726349
3635215333523534323341652262264217242224324647362243332241232324325432233341454332324444452335255342
3235351532451225333552323425133565323333523333532342333333323353443234333235331332335133323353332334
2252462228323222133422254213212224722222422214221522225342225662285222152222325521552412223246252222
3343236352334472233435233253522333432334333322233323443343332143326443333333433334715332332334633313
3786957948699888786853995899657847776498789968998426859865395758275768954934688959957289759966967954
2733323322522332132223212333226332122722333142323321424266531312723323242333221432322122723233322322
2214362331522324431343484534342563442521534253435544744566456425653335355451545532333553345425858454
5439639959656979786597966563879777365396989655738678365562377327838388788969939837638653376636484953
2334734343343342344324343324334229342447239523333332334434372343343313134312134226222424132452333432
6724425365545232331435216575552744494554556545652355844652163542535345535243555443365513835532355415
3333332333333323354333233113313323333433332343333333443322523333533333333333623332433334232333233843
4437367564574537445498644432636847544474774435442876774346358678448734343669734643458454137848456656
2221222532213222123222232232212352211512223322322242232221233211422222222222222321225223222322222223
5523456333647612353377254433323232777323374323333343377352333433535387932733632343544313464633245324
2131222221222221222322221222221222221222242221222522121241211921122123222222223223822123222112251212
4431321233433243246213271132122221422323216234242222414223122222223163143332412253432423342223322323
3212262231352432332221321123222222323233252235424232392223223323234242532295245423442324143632522321
3274664282142364423211712233331324112364463223322125334345432332343352626324334284342452333372433324
9444554543554344534533543433444545554335335444442415365444444344134434228234563544423345343434435434
2322122323223132333222232332212533335221323432122323311262258223221432233223232343122323233333323233
4256445456356234755252516444543554233114323445333343454544444343532522224354232633355344321153422553
4656646715951462515563625654623643675644244445461467442462724776725663573121654549477361684255565445
2412221621223579553212322122235622225222125314222342212222222242222452141244422122522434921432212622
6566634554426546464435632522556466513452241424466565634522462654256455954636655157657446265256464314
2232611127632222111253221222226223223332222232222422271221133212321274222222312222223222251222212211
3353333333423336434373333353533425543333343333355343322543345355353333435353452335526343433355233333
2232223125232228222252533215233242422222222626123421221122112232343251742223233147222325232312231212
2323123223312262212146322212233522241222172232221321131322442222262321332123322912121222283242226242
4323622424322343523242324243522243246322262433212124323725541125142234322112351254231262312423244331
3361432233356332382222223333331233253363333343343365436131232232332312632331311332143322233863223338
3544383332295358255736425434222332233532256313234333363422833333337552233523332136233532234333325395
3323336324432223322333122223332332423133333223333333334543333333324333332253313332214333332223336311
5323563292737384237353387233322636363232453633553126738638735823373373435622713635232355136633323636
2114612138321225442242222224261222316622144442133312753354321214223121122536313226212222326142321362
6247453657645373434535444546656443327532476675344456355444643425446457447542633364545666645364735444
5422232383222221223233438833242733524342531233346374541123222534933328234212332332431321334443342242
1222221423223257321853321231223214422626112124124434322222621222252124221232622222513333323332412222
4279267668473452164259647337628548416726542527684472572412482564723752584633674525865775664775735584
5532212374612312333223242722231352223634282227622272521247225713222322222732316254422161228354446632
8867713564683676748783437544467384488468446476686464457578677965554479566376776534547672436488548648
4432412431321244322223521212342532232123325143323443733324332332243267132321221332223741233353422422
2322643323222232112212242735126521125222224241222522321161524333233313211222124153262226281422133221
7322221223222412714481222222222322224322258972232263272221262522232312242333722254313622233313232523
1424333334432242333333217332133722323433333232423345221345322223237253433333331432723266113334723123
1554363178113723478281266824262175158814163872852231451314645635246255668373368144125743153665532639
3334422364546744444571324532515243445314327453562167372456431242412524845442335226535535622772332552
2222223134232233234332332221433322872433224442342223423143333332434211223111222233232342713313323234
1222423212523452211222332121322232237262212222142252321222232521222212224511215122222222222322292222
6631222242632295822463483545724493546522256233322262222162622213226222318247222223673345232221374727
9979445565769447954725462535745746643554655956665664577574938675685834745555555843163646964452585854
1332233234222322212223122322333223242211232311232122231232532123313123342213124332212232222313123422
2122334242282422223229264223226722221432333379232322232115523232914966353333222313312228322232212924
8343226936424543433358424471743573555183245538845343644843333644476253356665232431732843754715276894
2423351416282141513226654215256452255321353212251421668125645232252535223245622625455325622543563323
2274222214222142221222225322232432231112221122221222232222222222642222222222222221121122212222222235
3422682214212444242412325341132151543223242222282126232216244427422332444242221215644222232122248244
5541555542521324121252535576224242537173484424612452232243421422531472346351322523551252252552233524
2231222325222222225132231123323242332231323312223224212252222113222352343422224342343214242242343222
2233212323232731132273372323333232531733212122422332112222152425432223333214222343346424232122223227
2346232422343424233244432617445135414564434834543737212455135533233433343225513434424221234423247424
1332232244222224222223228322332433323223321322224332321333212131122223213322332222222312342324234243
4242322312462124223242542232231252113152522223252233432222113252223125121321441321222333522221212252
1513432234151521123135555522234223143424445531424215355121251233522152155523543145553341213351316789
7366935544647586715762426265348565354476656763647423463446645164663574133177633738317724578374467853
2343324233233334322334244353253333242243444255312511613453423124334114221422444433334334244222442342
1422222222221221355224124621132331331321254223122332424122222334332222125622224222222234142215412211
3134321323343443255344344434453324443224354363343453334233333431462242242324335223534514355243435423
5222413432231237673211737244322222322232322333646125231325327543712232436222153223332222624331254671
4233343233221232323123221533436325132233334241332331332323332332722573235423212335122332222353334452
3342213523152244352423222422232216227222232224425152224254255344122222252521212221324721421312142113
5443532343322363325774162333323333443454235238635225234438152223433237532483232687334576237363223632
3525534323644464333434346333422313257324256662344813443535135522333325639142443433233412333334373232
3342353132322323643442342423333332442345213324232222311225243324342322322434434234312342223435327343
2215597625242266434372426244333213443522253842323164522435692342284562521223343552315229322242221227
1212122272221221121222222222221221221122322223222422222222222223222222121222112221232222222212121212
2232132433233232211321454322214533324412345133122142221132442333225444243225232122232334344255333248
4464243242222335423344333434433433242252554245241234345253321234433352433444252234434144322443342543
3234365123622223221245143121253333444522222425214322432242622324237212333324223225322622422212425244
2242532233123792312413232932121722127222132121234222425322245132122132463125241322212263322136264211
3231222332243335321223233443422232322442444223323231323324122323424323222232243322232333223423133432
2333323223221232331222232322231223433224211222322622232322212215314223223233233231432213223533322232
5685532356255584756433641634235331742524254473246125141476432485435332353546445547446314385122855534
3456344445212414323432544232434235223444344122345553442335433334642541253529243334245454422416453334
2242223333222224331222222224222213223442132215222224212242141434231422422321232324221242421122222221
4333383632323322333324334224213333343342331143313433373234444315333444234333426312232333333333333231
4422573134244263324522241316311233233345482124424135232342731328433124413172222363523414325222222235
8223222222223265116222241163153222221837124433322226411224124342242222211124224622232631311722222232
3534844444358244575564454474856336445454755444455343444474444444645445546533545644434545455796435534
5246624225353223243323273165442621323333333123334332382322253232425421234472524433335434243882427322
2622323243433253232235529421362332133154323347434333144623235223443386532663222714312453312332922243
6254635483964638693943763425358947433957247545953555563652853678776754953655625943564529736585973954
2322334323282133213433432312122334552333234331332323332133333453321231223443332322223322223232344233
7224322222942233222211513133321222415212123242343222221222321222232225222232232132121222322123221621
1225222222212232223123211521223222222125221222122321241121212122222212421225222222222212222214222214
3455555535554564555445635435535543554544554556355345355442544554654555355555555665355553254553555555
2222324212222222422524544232122575261333322725132222622222154521224131343233225251222424223223222725
3521324722222232242122232363222243232752125434212232222532322423433333343324223632223322554222322233
2121122222422243544422122274222333224613232245284121222154223452222423212923223212423721247422214443
3232123212232232332132133233235323221132333232142232322424423223223233322333533212335522213243333225
5177873528233661875332469534892728351386833272255574426731755914333233645873733629823353556313583595
6213333321253232322333523323332633233333333333342333321322331333333233233632223322333331323333322432
3373387333349854145353324345434853343433443383443464444348654344472386435784658634343747633383336233
3429393345344644363565375244243244543445333234583345434344333135232345425321562493523433442464453125
7434393434642448179344313244242244443334153444233223447721424341442646322442443243734342434424343132
1244334475341363372534443352243439515444744262343553842424433344935322537333743445483242533535575352
4373352144322333242451324432374254562431453553422453364243247143313112135443554413724423442244344343
4645563438835975552364244145474938135353452575749545556369475163573344256676416536453365734433955534
6232751632512233322312224324344212527243552223398222882323622722722224334225222624223622322122922221
4223353243524233432349343652523535235233224334132313433232525423554347244383334134332353332324634362
6532462659251523335544424644765725565347323437746464722418144255561673163326362423584544542752864364
5265355258244364654458553255366345454346535266544325444635233353471156843374465356142345463754544854
5333353133323333323343132235333233323143153333233433333222333223137423342522433322333332234335332535
3343433335343224443543432424333332343444333343333543244233435343243443233333344334124313343434343433
2132223322352221414222224422373422222222121184282212212222282122132224922234212512232471123423323362
1413222223123221226221725321142212231265522332127222422225222221322612223221235236219264422624221262
5215532874414323333352366199522245239342514438736631253368515152244356456573554592786424522845643456
4417433536414623449345363555313956437344537433233143853437256255344445324355363438433364353338273432
9786442645664536665425664482742494456631544436686579472166986232969232465525665274256524554446252662
7958556354745775266427683599272776745837655766567766478547674576675966775675453266655377755445127877
5464552767524334662646466373452456426544534386534264666332434446647473347556664167687664465556657669
3422237124533342313322332343432422323331233233222242113143423543443433332132333322332413314433235233
4587342221574643382424242413447556444383723349732441445448443257237364434145323768154243948226831343
2221133422982213342263223186422352211522242546232221229332462243222322233532222523222453423562225325
2232322525454232321533421132124421322231444522244114254333232332242422123322343441233333323224343323
3492347628432423334213264323334346561327733347235153431435542344443348225132245133133333227467376436
8675854562453553452445363245546664724456664357445334546665574645544825336454434173841475542574626397
4641325112314637326112652435765437554615742634552761743652475771227735261274664454467743363221532389
5441442463462432334372323724264223324451341845243644423243344443444443311445145221455434154476234134
4736271123322227262237354426264364322116234962553425433242763332336233344642676342164432232444346326
2332523223522224222223222325231233422142332232232243123152223122232122242222225223423133253314233332
3423367354345622372133357333724233735422453433236215132354452443633773454444335633445994526245447446
2272212144222112122221622522282525121222522511222341112226225222222132143225252222221212241122422222
5473262656595786245443644533532333343956663244245223445432655542666423485355334437736432226543565526
